numberJogos	 episode	 reward	 rewardAccumulative
0	0	5	5
1	1	0	0
1	2	14.0	14.0
1	3	9.0	23.0
1	4	4.0	27.0
1	5	-1.0	26.0
1	6	4.0	30.0
1	7	-1.0	29.0
1	8	4.0	33.0
1	9	-1.0	32.0
1	10	4.0	36.0
1	11	-1.0	35.0
1	12	-1.0	34.0
1	13	-1.0	33.0
1	14	9.0	42.0
1	15	9.0	51.0
1	16	9.0	60.0
1	17	9.0	69.0
1	18	9.0	78.0
1	19	9.0	87.0
1	20	14.0	101.0
2	21	9.0	9.0
2	22	14.0	23.0
2	23	9.0	32.0
2	24	4.0	36.0
2	25	-1.0	35.0
2	26	4.0	39.0
2	27	-1.0	38.0
2	28	4.0	42.0
2	29	-1.0	41.0
2	30	4.0	45.0
2	31	-1.0	44.0
2	32	4.0	48.0
2	33	-1.0	47.0
2	34	4.0	51.0
2	35	-1.0	50.0
2	36	4.0	54.0
2	37	-1.0	53.0
2	38	4.0	57.0
2	39	-1.0	56.0
2	40	4.0	60.0
2	41	-1.0	59.0
2	42	4.0	63.0
2	43	-1.0	62.0
2	44	4.0	66.0
2	45	-1.0	65.0
2	46	4.0	69.0
2	47	-1.0	68.0
2	48	4.0	72.0
2	49	-1.0	71.0
2	50	4.0	75.0
2	51	-1.0	74.0
2	52	4.0	78.0
2	53	-1.0	77.0
2	54	4.0	81.0
2	55	-1.0	80.0
2	56	4.0	84.0
2	57	-1.0	83.0
2	58	4.0	87.0
2	59	-1.0	86.0
2	60	4.0	90.0
2	61	-1.0	89.0
2	62	4.0	93.0
2	63	-1.0	92.0
2	64	4.0	96.0
2	65	-1.0	95.0
2	66	4.0	99.0
2	67	-1.0	98.0
2	68	4.0	102.0
2	69	-1.0	101.0
2	70	4.0	105.0
2	71	-1.0	104.0
2	72	4.0	108.0
2	73	-1.0	107.0
2	74	4.0	111.0
2	75	-1.0	110.0
2	76	4.0	114.0
2	77	-1.0	113.0
2	78	4.0	117.0
2	79	-1.0	116.0
2	80	4.0	120.0
2	81	-1.0	119.0
2	82	4.0	123.0
2	83	-1.0	122.0
2	84	4.0	126.0
2	85	-1.0	125.0
2	86	4.0	129.0
2	87	-1.0	128.0
2	88	-1.0	127.0
2	89	-1.0	126.0
2	90	9.0	135.0
2	91	9.0	144.0
2	92	9.0	153.0
2	93	9.0	162.0
2	94	9.0	171.0
2	95	9.0	180.0
2	96	9.0	189.0
2	97	14.0	203.0
3	98	9.0	9.0
3	99	14.0	23.0
3	100	9.0	32.0
3	101	4.0	36.0
3	102	-1.0	35.0
3	103	4.0	39.0
3	104	-1.0	38.0
3	105	4.0	42.0
3	106	-1.0	41.0
3	107	4.0	45.0
3	108	-1.0	44.0
3	109	4.0	48.0
3	110	-1.0	47.0
3	111	4.0	51.0
3	112	-1.0	50.0
3	113	4.0	54.0
3	114	-1.0	53.0
3	115	4.0	57.0
3	116	-1.0	56.0
3	117	-1.0	55.0
3	118	-1.0	54.0
3	119	9.0	63.0
3	120	9.0	72.0
3	121	9.0	81.0
3	122	14.0	95.0
3	123	9.0	104.0
3	124	-1.0	103.0
3	125	-1.0	102.0
3	126	-1.0	101.0
3	127	-1.0	100.0
3	128	-1.0	99.0
3	129	-1.0	98.0
3	130	-1.0	97.0
3	131	-1.0	96.0
3	132	-1.0	95.0
3	133	-1.0	94.0
3	134	-1.0	93.0
3	135	-1.0	92.0
3	136	-1.0	91.0
3	137	-1.0	90.0
3	138	-1.0	89.0
3	139	-1.0	88.0
3	140	-1.0	87.0
3	141	-1.0	86.0
3	142	-1.0	85.0
3	143	-1.0	84.0
3	144	-1.0	83.0
3	145	-1.0	82.0
3	146	-1.0	81.0
3	147	-1.0	80.0
3	148	-1.0	79.0
3	149	-1.0	78.0
3	150	-1.0	77.0
3	151	-1.0	76.0
3	152	-1.0	75.0
3	153	-1.0	74.0
3	154	-1.0	73.0
3	155	-1.0	72.0
3	156	-1.0	71.0
3	157	-1.0	70.0
3	158	-1.0	69.0
3	159	-1.0	68.0
3	160	-1.0	67.0
3	161	-1.0	66.0
3	162	-1.0	65.0
3	163	-1.0	64.0
3	164	-1.0	63.0
3	165	-1.0	62.0
3	166	-1.0	61.0
3	167	-1.0	60.0
3	168	-1.0	59.0
3	169	-1.0	58.0
3	170	-1.0	57.0
3	171	-1.0	56.0
3	172	-1.0	55.0
3	173	-1.0	54.0
3	174	-1.0	53.0
3	175	-1.0	52.0
3	176	-1.0	51.0
3	177	-1.0	50.0
4	178	-1.0	-1.0
4	179	14.0	13.0
5	180	9.0	9.0
5	181	14.0	23.0
5	182	9.0	32.0
5	183	4.0	36.0
5	184	-1.0	35.0
5	185	4.0	39.0
5	186	-1.0	38.0
5	187	4.0	42.0
5	188	-1.0	41.0
5	189	4.0	45.0
5	190	-1.0	44.0
5	191	4.0	48.0
5	192	-1.0	47.0
5	193	4.0	51.0
5	194	-1.0	50.0
5	195	4.0	54.0
5	196	-1.0	53.0
5	197	4.0	57.0
5	198	-1.0	56.0
5	199	4.0	60.0
5	200	-1.0	59.0
5	201	4.0	63.0
5	202	-1.0	62.0
5	203	4.0	66.0
5	204	-1.0	65.0
5	205	-1.0	64.0
5	206	-1.0	63.0
5	207	9.0	72.0
5	208	9.0	81.0
5	209	9.0	90.0
5	210	14.0	104.0
5	211	9.0	113.0
5	212	-1.0	112.0
5	213	-1.0	111.0
5	214	-1.0	110.0
5	215	-1.0	109.0
5	216	-1.0	108.0
5	217	-1.0	107.0
5	218	-1.0	106.0
5	219	-1.0	105.0
5	220	-1.0	104.0
5	221	-1.0	103.0
5	222	-1.0	102.0
5	223	-1.0	101.0
5	224	-1.0	100.0
5	225	-1.0	99.0
5	226	-1.0	98.0
5	227	-1.0	97.0
5	228	-1.0	96.0
5	229	-1.0	95.0
5	230	-1.0	94.0
5	231	-1.0	93.0
5	232	-1.0	92.0
5	233	-1.0	91.0
5	234	-1.0	90.0
5	235	-1.0	89.0
5	236	-1.0	88.0
5	237	-1.0	87.0
5	238	-1.0	86.0
5	239	-1.0	85.0
5	240	-1.0	84.0
5	241	-1.0	83.0
5	242	-1.0	82.0
5	243	-1.0	81.0
5	244	-1.0	80.0
5	245	-1.0	79.0
5	246	-1.0	78.0
5	247	-1.0	77.0
5	248	-1.0	76.0
5	249	-1.0	75.0
5	250	-1.0	74.0
5	251	-1.0	73.0
5	252	-1.0	72.0
5	253	-1.0	71.0
5	254	-1.0	70.0
5	255	-1.0	69.0
5	256	-1.0	68.0
5	257	-1.0	67.0
5	258	-1.0	66.0
5	259	-1.0	65.0
5	260	-1.0	64.0
5	261	-1.0	63.0
5	262	-1.0	62.0
5	263	-1.0	61.0
5	264	-1.0	60.0
5	265	-1.0	59.0
5	266	-1.0	58.0
5	267	-1.0	57.0
5	268	-1.0	56.0
5	269	-1.0	55.0
5	270	-1.0	54.0
5	271	-1.0	53.0
5	272	-1.0	52.0
5	273	-1.0	51.0
5	274	-1.0	50.0
5	275	-1.0	49.0
5	276	-1.0	48.0
5	277	-1.0	47.0
5	278	-1.0	46.0
5	279	-1.0	45.0
5	280	-1.0	44.0
5	281	-1.0	43.0
5	282	-1.0	42.0
5	283	-1.0	41.0
5	284	-1.0	40.0
5	285	-1.0	39.0
5	286	-1.0	38.0
5	287	-1.0	37.0
5	288	-1.0	36.0
5	289	-1.0	35.0
5	290	-1.0	34.0
5	291	-1.0	33.0
5	292	-1.0	32.0
5	293	-1.0	31.0
5	294	-1.0	30.0
5	295	-1.0	29.0
5	296	-1.0	28.0
5	297	-1.0	27.0
5	298	-1.0	26.0
5	299	-1.0	25.0
5	300	-1.0	24.0
5	301	-1.0	23.0
5	302	-1.0	22.0
5	303	-1.0	21.0
5	304	-1.0	20.0
5	305	-1.0	19.0
5	306	-1.0	18.0
5	307	-1.0	17.0
5	308	-1.0	16.0
5	309	-1.0	15.0
5	310	-1.0	14.0
5	311	-1.0	13.0
5	312	-1.0	12.0
5	313	-1.0	11.0
5	314	-1.0	10.0
5	315	-1.0	9.0
5	316	-1.0	8.0
5	317	-1.0	7.0
5	318	-1.0	6.0
5	319	-1.0	5.0
5	320	-1.0	4.0
5	321	-1.0	3.0
5	322	-1.0	2.0
5	323	-1.0	1.0
5	324	-1.0	0.0
5	325	-1.0	-1.0
5	326	-1.0	-2.0
5	327	-1.0	-3.0
5	328	-1.0	-4.0
5	329	-1.0	-5.0
5	330	-1.0	-6.0
5	331	-1.0	-7.0
5	332	-1.0	-8.0
5	333	-1.0	-9.0
5	334	-1.0	-10.0
5	335	-1.0	-11.0
5	336	-1.0	-12.0
5	337	-1.0	-13.0
5	338	-1.0	-14.0
5	339	-1.0	-15.0
5	340	-1.0	-16.0
5	341	-1.0	-17.0
5	342	-1.0	-18.0
5	343	-1.0	-19.0
5	344	-1.0	-20.0
5	345	-1.0	-21.0
5	346	-1.0	-22.0
5	347	-1.0	-23.0
5	348	-1.0	-24.0
5	349	-1.0	-25.0
5	350	-1.0	-26.0
5	351	-1.0	-27.0
5	352	-1.0	-28.0
5	353	-1.0	-29.0
5	354	-1.0	-30.0
5	355	-1.0	-31.0
5	356	-1.0	-32.0
5	357	-1.0	-33.0
5	358	-1.0	-34.0
5	359	-1.0	-35.0
5	360	-1.0	-36.0
5	361	-1.0	-37.0
5	362	-1.0	-38.0
5	363	-1.0	-39.0
5	364	-1.0	-40.0
5	365	-1.0	-41.0
5	366	-1.0	-42.0
5	367	-1.0	-43.0
5	368	-1.0	-44.0
5	369	-1.0	-45.0
5	370	-1.0	-46.0
5	371	-1.0	-47.0
5	372	-1.0	-48.0
5	373	-1.0	-49.0
5	374	-1.0	-50.0
5	375	-1.0	-51.0
5	376	-1.0	-52.0
5	377	-1.0	-53.0
5	378	-1.0	-54.0
5	379	-1.0	-55.0
5	380	-1.0	-56.0
5	381	-1.0	-57.0
5	382	-1.0	-58.0
5	383	-1.0	-59.0
5	384	-1.0	-60.0
5	385	-1.0	-61.0
5	386	-1.0	-62.0
5	387	-1.0	-63.0
5	388	-1.0	-64.0
5	389	-1.0	-65.0
5	390	-1.0	-66.0
5	391	-1.0	-67.0
5	392	-1.0	-68.0
5	393	-1.0	-69.0
5	394	9.0	-60.0
5	395	9.0	-51.0
5	396	-1.0	-52.0
5	397	-1.0	-53.0
5	398	-1.0	-54.0
5	399	-1.0	-55.0
5	400	-1.0	-56.0
5	401	-1.0	-57.0
5	402	-1.0	-58.0
5	403	-1.0	-59.0
5	404	-1.0	-60.0
5	405	-1.0	-61.0
5	406	-1.0	-62.0
5	407	-1.0	-63.0
5	408	-1.0	-64.0
5	409	-1.0	-65.0
5	410	-1.0	-66.0
5	411	-1.0	-67.0
5	412	-1.0	-68.0
5	413	-1.0	-69.0
5	414	-1.0	-70.0
5	415	-1.0	-71.0
5	416	-1.0	-72.0
5	417	-1.0	-73.0
5	418	-1.0	-74.0
5	419	-1.0	-75.0
5	420	-1.0	-76.0
5	421	-1.0	-77.0
5	422	-1.0	-78.0
5	423	-1.0	-79.0
5	424	-1.0	-80.0
5	425	-1.0	-81.0
5	426	-1.0	-82.0
5	427	-1.0	-83.0
5	428	-1.0	-84.0
5	429	-1.0	-85.0
5	430	-1.0	-86.0
5	431	-1.0	-87.0
5	432	-1.0	-88.0
5	433	-1.0	-89.0
5	434	-1.0	-90.0
5	435	-1.0	-91.0
5	436	-1.0	-92.0
5	437	4.0	-88.0
6	438	-1.0	-1.0
6	439	14.0	13.0
6	440	9.0	22.0
6	441	4.0	26.0
6	442	-1.0	25.0
6	443	4.0	29.0
6	444	-1.0	28.0
6	445	4.0	32.0
6	446	-1.0	31.0
6	447	4.0	35.0
6	448	-1.0	34.0
6	449	4.0	38.0
6	450	-1.0	37.0
6	451	4.0	41.0
6	452	-1.0	40.0
6	453	4.0	44.0
6	454	-1.0	43.0
6	455	4.0	47.0
6	456	-1.0	46.0
6	457	4.0	50.0
6	458	-1.0	49.0
6	459	4.0	53.0
6	460	-1.0	52.0
6	461	4.0	56.0
6	462	-1.0	55.0
6	463	4.0	59.0
6	464	-1.0	58.0
6	465	4.0	62.0
6	466	-1.0	61.0
6	467	4.0	65.0
6	468	-1.0	64.0
6	469	-1.0	63.0
6	470	-1.0	62.0
6	471	9.0	71.0
6	472	9.0	80.0
6	473	9.0	89.0
6	474	14.0	103.0
6	475	9.0	112.0
6	476	-1.0	111.0
6	477	-1.0	110.0
6	478	-1.0	109.0
6	479	-1.0	108.0
6	480	-1.0	107.0
6	481	-1.0	106.0
6	482	-1.0	105.0
6	483	-1.0	104.0
6	484	-1.0	103.0
6	485	-1.0	102.0
6	486	-1.0	101.0
6	487	4.0	105.0
7	488	-1.0	-1.0
7	489	14.0	13.0
7	490	9.0	22.0
7	491	4.0	26.0
7	492	-1.0	25.0
7	493	4.0	29.0
7	494	-1.0	28.0
7	495	4.0	32.0
7	496	-1.0	31.0
7	497	4.0	35.0
7	498	-1.0	34.0
7	499	4.0	38.0
7	500	-1.0	37.0
7	501	4.0	41.0
7	502	-1.0	40.0
7	503	4.0	44.0
7	504	-1.0	43.0
7	505	4.0	47.0
7	506	-1.0	46.0
7	507	4.0	50.0
7	508	-1.0	49.0
7	509	4.0	53.0
7	510	-1.0	52.0
7	511	4.0	56.0
7	512	-1.0	55.0
7	513	-1.0	54.0
7	514	-1.0	53.0
7	515	9.0	62.0
7	516	9.0	71.0
7	517	9.0	80.0
7	518	9.0	89.0
7	519	14.0	103.0
7	520	9.0	112.0
7	521	-1.0	111.0
7	522	-1.0	110.0
7	523	-1.0	109.0
7	524	-1.0	108.0
7	525	-1.0	107.0
7	526	-1.0	106.0
7	527	-1.0	105.0
7	528	-1.0	104.0
7	529	-1.0	103.0
7	530	-1.0	102.0
7	531	-1.0	101.0
7	532	-1.0	100.0
7	533	-1.0	99.0
7	534	-1.0	98.0
7	535	-1.0	97.0
7	536	-1.0	96.0
7	537	-1.0	95.0
7	538	-1.0	94.0
7	539	-1.0	93.0
7	540	-1.0	92.0
7	541	-1.0	91.0
7	542	-1.0	90.0
7	543	-1.0	89.0
7	544	-1.0	88.0
7	545	-1.0	87.0
7	546	-1.0	86.0
7	547	-1.0	85.0
7	548	-1.0	84.0
7	549	-1.0	83.0
7	550	-1.0	82.0
7	551	-1.0	81.0
7	552	-1.0	80.0
7	553	-1.0	79.0
7	554	-1.0	78.0
7	555	-1.0	77.0
7	556	-1.0	76.0
7	557	-1.0	75.0
7	558	-1.0	74.0
7	559	-1.0	73.0
7	560	-1.0	72.0
7	561	-1.0	71.0
7	562	-1.0	70.0
7	563	-1.0	69.0
7	564	-1.0	68.0
7	565	-1.0	67.0
7	566	-1.0	66.0
7	567	-1.0	65.0
7	568	-1.0	64.0
7	569	-1.0	63.0
7	570	-1.0	62.0
7	571	-1.0	61.0
7	572	-1.0	60.0
7	573	-1.0	59.0
7	574	-1.0	58.0
7	575	-1.0	57.0
7	576	-1.0	56.0
7	577	-1.0	55.0
7	578	-1.0	54.0
7	579	-1.0	53.0
7	580	-1.0	52.0
7	581	-1.0	51.0
7	582	-1.0	50.0
7	583	-1.0	49.0
7	584	-1.0	48.0
7	585	-1.0	47.0
7	586	-1.0	46.0
7	587	-1.0	45.0
7	588	-1.0	44.0
7	589	-1.0	43.0
7	590	-1.0	42.0
7	591	-1.0	41.0
7	592	-1.0	40.0
7	593	-1.0	39.0
7	594	-1.0	38.0
7	595	-1.0	37.0
7	596	-1.0	36.0
7	597	9.0	45.0
7	598	9.0	54.0
7	599	9.0	63.0
7	600	14.0	77.0
7	601	9.0	86.0
7	602	-1.0	85.0
7	603	-1.0	84.0
7	604	-1.0	83.0
7	605	-1.0	82.0
7	606	-1.0	81.0
7	607	-1.0	80.0
7	608	-1.0	79.0
7	609	-1.0	78.0
7	610	-1.0	77.0
7	611	-1.0	76.0
7	612	-1.0	75.0
7	613	-1.0	74.0
7	614	-1.0	73.0
7	615	-1.0	72.0
7	616	-1.0	71.0
7	617	-1.0	70.0
7	618	-1.0	69.0
7	619	-1.0	68.0
7	620	-1.0	67.0
7	621	-1.0	66.0
7	622	-1.0	65.0
7	623	-1.0	64.0
7	624	-1.0	63.0
7	625	-1.0	62.0
7	626	-1.0	61.0
7	627	-1.0	60.0
7	628	-1.0	59.0
7	629	-1.0	58.0
7	630	-1.0	57.0
7	631	-1.0	56.0
7	632	-1.0	55.0
7	633	-1.0	54.0
7	634	-1.0	53.0
7	635	-1.0	52.0
7	636	-1.0	51.0
7	637	-1.0	50.0
7	638	-1.0	49.0
7	639	-1.0	48.0
7	640	-1.0	47.0
7	641	-1.0	46.0
7	642	-1.0	45.0
7	643	-1.0	44.0
7	644	-1.0	43.0
7	645	-1.0	42.0
7	646	-1.0	41.0
7	647	-1.0	40.0
7	648	-1.0	39.0
7	649	-1.0	38.0
7	650	-1.0	37.0
7	651	-1.0	36.0
7	652	-1.0	35.0
7	653	-1.0	34.0
7	654	-1.0	33.0
7	655	-1.0	32.0
7	656	-1.0	31.0
7	657	-1.0	30.0
7	658	-1.0	29.0
7	659	-1.0	28.0
7	660	-1.0	27.0
7	661	-1.0	26.0
7	662	-1.0	25.0
7	663	-1.0	24.0
7	664	-1.0	23.0
7	665	-1.0	22.0
7	666	-1.0	21.0
7	667	-1.0	20.0
7	668	-1.0	19.0
7	669	-1.0	18.0
7	670	-1.0	17.0
7	671	-1.0	16.0
7	672	-1.0	15.0
7	673	-1.0	14.0
7	674	-1.0	13.0
7	675	-1.0	12.0
7	676	-1.0	11.0
7	677	-1.0	10.0
7	678	-1.0	9.0
7	679	-1.0	8.0
7	680	-1.0	7.0
7	681	-1.0	6.0
7	682	-1.0	5.0
7	683	-1.0	4.0
7	684	-1.0	3.0
7	685	-1.0	2.0
7	686	-1.0	1.0
7	687	-1.0	0.0
7	688	-1.0	-1.0
7	689	-1.0	-2.0
7	690	-1.0	-3.0
7	691	-1.0	-4.0
7	692	-1.0	-5.0
7	693	-1.0	-6.0
7	694	-1.0	-7.0
7	695	-1.0	-8.0
7	696	-1.0	-9.0
7	697	-1.0	-10.0
7	698	-1.0	-11.0
7	699	-1.0	-12.0
7	700	-1.0	-13.0
7	701	-1.0	-14.0
7	702	-1.0	-15.0
7	703	-1.0	-16.0
7	704	-1.0	-17.0
7	705	-1.0	-18.0
7	706	-1.0	-19.0
7	707	-1.0	-20.0
7	708	-1.0	-21.0
7	709	-1.0	-22.0
7	710	-1.0	-23.0
7	711	-1.0	-24.0
7	712	-1.0	-25.0
7	713	-1.0	-26.0
7	714	-1.0	-27.0
7	715	-1.0	-28.0
7	716	-1.0	-29.0
7	717	-1.0	-30.0
7	718	-1.0	-31.0
7	719	-1.0	-32.0
7	720	-1.0	-33.0
7	721	-1.0	-34.0
7	722	-1.0	-35.0
7	723	-1.0	-36.0
7	724	-1.0	-37.0
7	725	-1.0	-38.0
7	726	-1.0	-39.0
7	727	-1.0	-40.0
7	728	-1.0	-41.0
7	729	-1.0	-42.0
7	730	-1.0	-43.0
7	731	-1.0	-44.0
7	732	14.0	-30.0
8	733	9.0	9.0
8	734	14.0	23.0
8	735	9.0	32.0
8	736	4.0	36.0
8	737	-1.0	35.0
8	738	4.0	39.0
8	739	-1.0	38.0
8	740	4.0	42.0
8	741	-1.0	41.0
8	742	4.0	45.0
8	743	-1.0	44.0
8	744	4.0	48.0
8	745	-1.0	47.0
8	746	4.0	51.0
8	747	-1.0	50.0
8	748	4.0	54.0
8	749	-1.0	53.0
8	750	-1.0	52.0
8	751	-1.0	51.0
8	752	14.0	65.0
8	753	14.0	79.0
9	754	9.0	9.0
9	755	14.0	23.0
9	756	9.0	32.0
9	757	4.0	36.0
9	758	-1.0	35.0
9	759	4.0	39.0
9	760	-1.0	38.0
9	761	4.0	42.0
9	762	-1.0	41.0
9	763	4.0	45.0
9	764	-1.0	44.0
