0	0	5	5
1	1	0	0
1	2	9.0	9.0
1	3	14.0	23.0
1	4	9.0	32.0
1	5	4.0	36.0
1	6	-1.0	35.0
1	7	4.0	39.0
1	8	-1.0	38.0
1	9	4.0	42.0
1	10	-1.0	41.0
1	11	4.0	45.0
1	12	-1.0	44.0
1	13	4.0	48.0
1	14	-1.0	47.0
1	15	-1.0	46.0
1	16	-1.0	45.0
1	17	-1.0	44.0
1	18	9.0	53.0
1	19	9.0	62.0
1	20	9.0	71.0
1	21	9.0	80.0
1	22	9.0	89.0
1	23	9.0	98.0
1	24	9.0	107.0
1	25	9.0	116.0
1	26	14.0	130.0
2	27	9.0	9.0
2	28	9.0	18.0
2	29	14.0	32.0
2	30	9.0	41.0
2	31	4.0	45.0
2	32	-1.0	44.0
2	33	4.0	48.0
2	34	-1.0	47.0
2	35	4.0	51.0
2	36	-1.0	50.0
2	37	4.0	54.0
2	38	-1.0	53.0
2	39	4.0	57.0
2	40	-1.0	56.0
2	41	4.0	60.0
2	42	-1.0	59.0
2	43	4.0	63.0
2	44	-1.0	62.0
2	45	4.0	66.0
2	46	-1.0	65.0
2	47	4.0	69.0
2	48	-1.0	68.0
2	49	4.0	72.0
2	50	-1.0	71.0
2	51	4.0	75.0
2	52	-1.0	74.0
2	53	4.0	78.0
2	54	-1.0	77.0
2	55	4.0	81.0
2	56	-1.0	80.0
2	57	4.0	84.0
2	58	-1.0	83.0
2	59	4.0	87.0
2	60	-1.0	86.0
2	61	4.0	90.0
2	62	-1.0	89.0
2	63	4.0	93.0
2	64	-1.0	92.0
2	65	4.0	96.0
2	66	-1.0	95.0
2	67	4.0	99.0
2	68	-1.0	98.0
2	69	4.0	102.0
2	70	-1.0	101.0
2	71	4.0	105.0
2	72	-1.0	104.0
2	73	-1.0	103.0
2	74	-1.0	102.0
2	75	-1.0	101.0
2	76	9.0	110.0
3	77	9.0	9.0
3	78	9.0	18.0
3	79	9.0	27.0
3	80	9.0	36.0
3	81	9.0	45.0
3	82	9.0	54.0
3	83	9.0	63.0
3	84	14.0	77.0
4	85	9.0	9.0
4	86	9.0	18.0
4	87	14.0	32.0
4	88	9.0	41.0
4	89	4.0	45.0
4	90	-1.0	44.0
4	91	4.0	48.0
4	92	-1.0	47.0
4	93	-1.0	46.0
4	94	-1.0	45.0
4	95	-1.0	44.0
4	96	9.0	53.0
4	97	9.0	62.0
4	98	9.0	71.0
4	99	9.0	80.0
4	100	9.0	89.0
4	101	14.0	103.0
4	102	9.0	112.0
4	103	-1.0	111.0
4	104	-1.0	110.0
4	105	-1.0	109.0
4	106	-1.0	108.0
4	107	-1.0	107.0
4	108	-1.0	106.0
4	109	-1.0	105.0
4	110	-1.0	104.0
4	111	-1.0	103.0
4	112	-1.0	102.0
4	113	-1.0	101.0
4	114	-1.0	100.0
4	115	-1.0	99.0
4	116	4.0	103.0
4	117	9.0	112.0
4	118	-1.0	111.0
4	119	-1.0	110.0
4	120	-1.0	109.0
4	121	-1.0	108.0
4	122	-1.0	107.0
4	123	-1.0	106.0
4	124	-1.0	105.0
4	125	-1.0	104.0
4	126	-1.0	103.0
4	127	-1.0	102.0
4	128	4.0	106.0
4	129	-1.0	105.0
4	130	-1.0	104.0
4	131	-1.0	103.0
4	132	-1.0	102.0
4	133	-1.0	101.0
4	134	-1.0	100.0
4	135	-1.0	99.0
4	136	-1.0	98.0
4	137	-1.0	97.0
4	138	-1.0	96.0
4	139	4.0	100.0
4	140	-1.0	99.0
4	141	4.0	103.0
4	142	-1.0	102.0
4	143	4.0	106.0
4	144	-1.0	105.0
4	145	-1.0	104.0
4	146	-1.0	103.0
4	147	9.0	112.0
4	148	9.0	121.0
4	149	9.0	130.0
4	150	9.0	139.0
4	151	14.0	153.0
5	152	9.0	9.0
5	153	9.0	18.0
5	154	14.0	32.0
5	155	9.0	41.0
5	156	4.0	45.0
5	157	-1.0	44.0
5	158	4.0	48.0
5	159	-1.0	47.0
5	160	4.0	51.0
5	161	-1.0	50.0
5	162	4.0	54.0
5	163	-1.0	53.0
5	164	4.0	57.0
5	165	-1.0	56.0
5	166	4.0	60.0
5	167	-1.0	59.0
5	168	4.0	63.0
5	169	-1.0	62.0
5	170	-1.0	61.0
5	171	-1.0	60.0
5	172	4.0	64.0
5	173	-1.0	63.0
5	174	4.0	67.0
5	175	-1.0	66.0
5	176	-1.0	65.0
5	177	-1.0	64.0
5	178	9.0	73.0
5	179	9.0	82.0
5	180	9.0	91.0
5	181	9.0	100.0
5	182	9.0	109.0
5	183	-1.0	108.0
5	184	-1.0	107.0
5	185	-1.0	106.0
5	186	-1.0	105.0
5	187	-1.0	104.0
5	188	-1.0	103.0
5	189	-1.0	102.0
5	190	-1.0	101.0
5	191	-1.0	100.0
5	192	-1.0	99.0
5	193	-1.0	98.0
5	194	-1.0	97.0
5	195	-1.0	96.0
5	196	-1.0	95.0
5	197	-1.0	94.0
5	198	-1.0	93.0
5	199	9.0	102.0
5	200	9.0	111.0
5	201	9.0	120.0
5	202	9.0	129.0
5	203	9.0	138.0
5	204	14.0	152.0
5	205	9.0	161.0
5	206	-1.0	160.0
5	207	-1.0	159.0
5	208	-1.0	158.0
5	209	-1.0	157.0
5	210	-1.0	156.0
5	211	-1.0	155.0
5	212	-1.0	154.0
5	213	-1.0	153.0
5	214	-1.0	152.0
5	215	-1.0	151.0
5	216	-1.0	150.0
5	217	-1.0	149.0
5	218	-1.0	148.0
5	219	-1.0	147.0
5	220	-1.0	146.0
5	221	-1.0	145.0
5	222	-1.0	144.0
5	223	-1.0	143.0
5	224	-1.0	142.0
5	225	-1.0	141.0
5	226	-1.0	140.0
5	227	-1.0	139.0
5	228	-1.0	138.0
5	229	-1.0	137.0
5	230	-1.0	136.0
5	231	-1.0	135.0
5	232	-1.0	134.0
5	233	-1.0	133.0
5	234	-1.0	132.0
5	235	-1.0	131.0
5	236	-1.0	130.0
5	237	-1.0	129.0
5	238	-1.0	128.0
5	239	-1.0	127.0
5	240	4.0	131.0
6	241	-1.0	-1.0
6	242	9.0	8.0
6	243	14.0	22.0
6	244	9.0	31.0
6	245	4.0	35.0
6	246	-1.0	34.0
6	247	4.0	38.0
6	248	-1.0	37.0
6	249	4.0	41.0
6	250	-1.0	40.0
6	251	4.0	44.0
6	252	-1.0	43.0
6	253	4.0	47.0
6	254	-1.0	46.0
6	255	4.0	50.0
6	256	-1.0	49.0
6	257	4.0	53.0
6	258	-1.0	52.0
6	259	-1.0	51.0
6	260	-1.0	50.0
6	261	9.0	59.0
6	262	14.0	73.0
6	263	9.0	82.0
6	264	-1.0	81.0
6	265	-1.0	80.0
6	266	-1.0	79.0
6	267	-1.0	78.0
6	268	-1.0	77.0
6	269	-1.0	76.0
6	270	-1.0	75.0
6	271	-1.0	74.0
6	272	-1.0	73.0
6	273	-1.0	72.0
6	274	-1.0	71.0
6	275	-1.0	70.0
6	276	-1.0	69.0
6	277	-1.0	68.0
6	278	-1.0	67.0
6	279	-1.0	66.0
6	280	-1.0	65.0
6	281	-1.0	64.0
6	282	-1.0	63.0
6	283	-1.0	62.0
6	284	-1.0	61.0
6	285	-1.0	60.0
6	286	-1.0	59.0
6	287	-1.0	58.0
6	288	-1.0	57.0
6	289	-1.0	56.0
6	290	9.0	65.0
6	291	9.0	74.0
6	292	9.0	83.0
6	293	9.0	92.0
6	294	9.0	101.0
6	295	9.0	110.0
6	296	9.0	119.0
6	297	9.0	128.0
6	298	9.0	137.0
6	299	-1.0	136.0
6	300	-1.0	135.0
6	301	-1.0	134.0
6	302	-1.0	133.0
6	303	-1.0	132.0
6	304	-1.0	131.0
6	305	-1.0	130.0
6	306	-1.0	129.0
6	307	-1.0	128.0
6	308	-1.0	127.0
6	309	-1.0	126.0
6	310	4.0	130.0
7	311	-1.0	-1.0
7	312	9.0	8.0
7	313	14.0	22.0
7	314	9.0	31.0
7	315	4.0	35.0
7	316	-1.0	34.0
7	317	4.0	38.0
7	318	-1.0	37.0
7	319	4.0	41.0
7	320	-1.0	40.0
7	321	4.0	44.0
7	322	-1.0	43.0
7	323	4.0	47.0
7	324	-1.0	46.0
7	325	4.0	50.0
7	326	-1.0	49.0
7	327	4.0	53.0
7	328	-1.0	52.0
7	329	4.0	56.0
7	330	-1.0	55.0
7	331	4.0	59.0
7	332	-1.0	58.0
7	333	4.0	62.0
7	334	-1.0	61.0
7	335	4.0	65.0
7	336	-1.0	64.0
7	337	4.0	68.0
7	338	-1.0	67.0
7	339	4.0	71.0
7	340	-1.0	70.0
7	341	4.0	74.0
7	342	-1.0	73.0
7	343	4.0	77.0
7	344	-1.0	76.0
7	345	4.0	80.0
7	346	-1.0	79.0
7	347	4.0	83.0
7	348	-1.0	82.0
7	349	4.0	86.0
7	350	-1.0	85.0
7	351	4.0	89.0
7	352	-1.0	88.0
7	353	4.0	92.0
7	354	-1.0	91.0
7	355	4.0	95.0
7	356	-1.0	94.0
7	357	4.0	98.0
7	358	-1.0	97.0
7	359	4.0	101.0
7	360	-1.0	100.0
7	361	4.0	104.0
7	362	-1.0	103.0
7	363	4.0	107.0
7	364	-1.0	106.0
7	365	4.0	110.0
7	366	-1.0	109.0
7	367	4.0	113.0
7	368	-1.0	112.0
7	369	4.0	116.0
7	370	-1.0	115.0
7	371	4.0	119.0
7	372	-1.0	118.0
7	373	4.0	122.0
7	374	-1.0	121.0
7	375	4.0	125.0
7	376	-1.0	124.0
7	377	4.0	128.0
7	378	-1.0	127.0
7	379	4.0	131.0
7	380	-1.0	130.0
7	381	4.0	134.0
7	382	-1.0	133.0
7	383	4.0	137.0
7	384	-1.0	136.0
7	385	4.0	140.0
7	386	-1.0	139.0
7	387	4.0	143.0
7	388	-1.0	142.0
7	389	4.0	146.0
7	390	-1.0	145.0
7	391	4.0	149.0
7	392	-1.0	148.0
7	393	4.0	152.0
7	394	-1.0	151.0
7	395	4.0	155.0
7	396	-1.0	154.0
7	397	4.0	158.0
7	398	-1.0	157.0
7	399	4.0	161.0
7	400	-1.0	160.0
7	401	4.0	164.0
7	402	-1.0	163.0
7	403	4.0	167.0
7	404	-1.0	166.0
7	405	4.0	170.0
7	406	-1.0	169.0
7	407	4.0	173.0
7	408	-1.0	172.0
7	409	4.0	176.0
7	410	-1.0	175.0
7	411	-1.0	174.0
7	412	-1.0	173.0
7	413	-1.0	172.0
7	414	9.0	181.0
7	415	9.0	190.0
7	416	9.0	199.0
7	417	9.0	208.0
7	418	9.0	217.0
7	419	9.0	226.0
7	420	14.0	240.0
8	421	9.0	9.0
8	422	-1.0	8.0
8	423	-1.0	7.0
8	424	-1.0	6.0
8	425	-1.0	5.0
8	426	-1.0	4.0
8	427	-1.0	3.0
8	428	-1.0	2.0
8	429	-1.0	1.0
8	430	-1.0	0.0
8	431	-1.0	-1.0
8	432	-1.0	-2.0
8	433	-1.0	-3.0
8	434	-1.0	-4.0
8	435	-1.0	-5.0
8	436	4.0	-1.0
9	437	-1.0	-1.0
9	438	9.0	8.0
9	439	14.0	22.0
9	440	9.0	31.0
9	441	4.0	35.0
9	442	-1.0	34.0
9	443	4.0	38.0
9	444	-1.0	37.0
9	445	4.0	41.0
9	446	-1.0	40.0
9	447	4.0	44.0
9	448	-1.0	43.0
9	449	4.0	47.0
9	450	-1.0	46.0
9	451	4.0	50.0
9	452	-1.0	49.0
9	453	-1.0	48.0
9	454	4.0	52.0
9	455	-1.0	51.0
9	456	-1.0	50.0
9	457	4.0	54.0
9	458	-1.0	53.0
9	459	4.0	57.0
9	460	-1.0	56.0
9	461	4.0	60.0
9	462	-1.0	59.0
9	463	-1.0	58.0
9	464	-1.0	57.0
9	465	-1.0	56.0
9	466	9.0	65.0
9	467	9.0	74.0
9	468	9.0	83.0
9	469	9.0	92.0
9	470	14.0	106.0
9	471	9.0	115.0
9	472	-1.0	114.0
9	473	-1.0	113.0
9	474	-1.0	112.0
9	475	-1.0	111.0
9	476	-1.0	110.0
9	477	-1.0	109.0
9	478	-1.0	108.0
9	479	4.0	112.0
9	480	-1.0	111.0
9	481	4.0	115.0
9	482	-1.0	114.0
9	483	4.0	118.0
9	484	-1.0	117.0
9	485	-1.0	116.0
9	486	-1.0	115.0
9	487	9.0	124.0
9	488	9.0	133.0
9	489	9.0	142.0
9	490	9.0	151.0
9	491	14.0	165.0
10	492	9.0	9.0
10	493	9.0	18.0
10	494	14.0	32.0
10	495	9.0	41.0
10	496	4.0	45.0
10	497	-1.0	44.0
10	498	4.0	48.0
10	499	-1.0	47.0
10	500	4.0	51.0
10	501	-1.0	50.0
10	502	4.0	54.0
10	503	-1.0	53.0
10	504	4.0	57.0
10	505	-1.0	56.0
10	506	4.0	60.0
10	507	-1.0	59.0
10	508	-1.0	58.0
10	509	-1.0	57.0
10	510	9.0	66.0
10	511	9.0	75.0
10	512	9.0	84.0
10	513	9.0	93.0
10	514	14.0	107.0
11	515	9.0	9.0
11	516	9.0	18.0
11	517	14.0	32.0
11	518	9.0	41.0
11	519	4.0	45.0
11	520	-1.0	44.0
11	521	4.0	48.0
11	522	-1.0	47.0
11	523	4.0	51.0
11	524	-1.0	50.0
11	525	-1.0	49.0
11	526	-1.0	48.0
11	527	-1.0	47.0
11	528	9.0	56.0
11	529	9.0	65.0
11	530	9.0	74.0
11	531	9.0	83.0
11	532	9.0	92.0
11	533	9.0	101.0
11	534	14.0	115.0
11	535	9.0	124.0
11	536	-1.0	123.0
11	537	-1.0	122.0
11	538	-1.0	121.0
11	539	-1.0	120.0
11	540	-1.0	119.0
11	541	-1.0	118.0
11	542	-1.0	117.0
11	543	-1.0	116.0
11	544	-1.0	115.0
11	545	4.0	119.0
11	546	-1.0	118.0
11	547	4.0	122.0
11	548	-1.0	121.0
11	549	4.0	125.0
11	550	-1.0	124.0
11	551	-1.0	123.0
11	552	-1.0	122.0
11	553	-1.0	121.0
11	554	-1.0	120.0
11	555	-1.0	119.0
11	556	-1.0	118.0
11	557	-1.0	117.0
11	558	-1.0	116.0
11	559	-1.0	115.0
11	560	-1.0	114.0
11	561	-1.0	113.0
11	562	-1.0	112.0
11	563	-1.0	111.0
11	564	-1.0	110.0
11	565	-1.0	109.0
11	566	-1.0	108.0
11	567	-1.0	107.0
11	568	-1.0	106.0
11	569	4.0	110.0
11	570	-1.0	109.0
11	571	4.0	113.0
11	572	-1.0	112.0
11	573	4.0	116.0
11	574	-1.0	115.0
11	575	4.0	119.0
11	576	-1.0	118.0
11	577	4.0	122.0
11	578	-1.0	121.0
11	579	4.0	125.0
11	580	-1.0	124.0
11	581	4.0	128.0
11	582	-1.0	127.0
11	583	4.0	131.0
11	584	-1.0	130.0
11	585	4.0	134.0
11	586	-1.0	133.0
11	587	-1.0	132.0
11	588	-1.0	131.0
11	589	9.0	140.0
11	590	9.0	149.0
11	591	9.0	158.0
11	592	9.0	167.0
11	593	14.0	181.0
12	594	9.0	9.0
12	595	9.0	18.0
12	596	14.0	32.0
12	597	9.0	41.0
12	598	4.0	45.0
12	599	-1.0	44.0
12	600	4.0	48.0
12	601	-1.0	47.0
12	602	4.0	51.0
12	603	-1.0	50.0
12	604	4.0	54.0
12	605	-1.0	53.0
12	606	4.0	57.0
12	607	-1.0	56.0
12	608	4.0	60.0
12	609	-1.0	59.0
12	610	4.0	63.0
12	611	-1.0	62.0
12	612	4.0	66.0
12	613	-1.0	65.0
12	614	4.0	69.0
12	615	-1.0	68.0
12	616	4.0	72.0
12	617	-1.0	71.0
12	618	4.0	75.0
12	619	-1.0	74.0
12	620	4.0	78.0
12	621	-1.0	77.0
12	622	-1.0	76.0
12	623	-1.0	75.0
12	624	9.0	84.0
12	625	9.0	93.0
12	626	9.0	102.0
12	627	9.0	111.0
