numberJogos	 episode	 reward	 rewardAccumulative
0	0	-50	-50
1	1	0	0
1	2	-50.0	-50.0
1	3	9.0	-41.0
1	4	0.0	-41.0
1	5	0.0	-41.0
1	6	-50.0	-91.0
1	7	0.0	-91.0
1	8	-50.0	-141.0
1	9	0.0	-141.0
1	10	0.0	-141.0
1	11	0.0	-141.0
1	12	0.0	-141.0
1	13	0.0	-141.0
1	14	9.0	-132.0
1	15	0.0	-132.0
1	16	-50.0	-182.0
1	17	0.0	-182.0
1	18	-50.0	-232.0
1	19	0.0	-232.0
1	20	0.0	-232.0
1	21	0.0	-232.0
1	22	-50.0	-282.0
1	23	0.0	-282.0
1	24	0.0	-282.0
1	25	0.0	-282.0
1	26	-50.0	-332.0
1	27	0.0	-332.0
1	28	-50.0	-382.0
1	29	0.0	-382.0
1	30	0.0	-382.0
2	31	0.0	0.0
2	32	0.0	0.0
2	33	0.0	0.0
2	34	9.0	9.0
2	35	9.0	18.0
2	36	9.0	27.0
2	37	9.0	36.0
2	38	0.0	36.0
2	39	0.0	36.0
2	40	0.0	36.0
2	41	0.0	36.0
2	42	0.0	36.0
2	43	0.0	36.0
2	44	-50.0	-14.0
2	45	0.0	-14.0
2	46	0.0	-14.0
2	47	-50.0	-64.0
2	48	-50.0	-114.0
2	49	0.0	-114.0
2	50	0.0	-114.0
2	51	-50.0	-164.0
2	52	0.0	-164.0
2	53	-50.0	-214.0
2	54	-50.0	-264.0
2	55	0.0	-264.0
2	56	0.0	-264.0
2	57	0.0	-264.0
2	58	0.0	-264.0
2	59	-50.0	-314.0
2	60	-50.0	-364.0
2	61	0.0	-364.0
2	62	18.0	-346.0
2	63	0.0	-346.0
3	64	0.0	0.0
3	65	-50.0	-50.0
3	66	-41.0	-91.0
3	67	0.0	-91.0
3	68	-50.0	-141.0
3	69	-50.0	-191.0
3	70	0.0	-191.0
3	71	0.0	-191.0
3	72	0.0	-191.0
3	73	-41.0	-232.0
3	74	0.0	-232.0
3	75	-50.0	-282.0
3	76	-50.0	-332.0
3	77	-50.0	-382.0
3	78	-50.0	-432.0
3	79	-50.0	-482.0
3	80	0.0	-482.0
3	81	-50.0	-532.0
3	82	0.0	-532.0
3	83	0.0	-532.0
3	84	0.0	-532.0
3	85	0.0	-532.0
3	86	9.0	-523.0
3	87	-50.0	-573.0
3	88	0.0	-573.0
3	89	-50.0	-623.0
3	90	0.0	-623.0
3	91	-50.0	-673.0
3	92	-50.0	-723.0
3	93	0.0	-723.0
3	94	0.0	-723.0
3	95	0.0	-723.0
3	96	0.0	-723.0
3	97	-50.0	-773.0
3	98	0.0	-773.0
3	99	-50.0	-823.0
3	100	0.0	-823.0
3	101	0.0	-823.0
3	102	9.0	-814.0
3	103	0.0	-814.0
3	104	0.0	-814.0
3	105	0.0	-814.0
3	106	-26.0	-840.0
3	107	9.0	-831.0
3	108	0.0	-831.0
3	109	0.0	-831.0
3	110	0.0	-831.0
3	111	9.0	-822.0
3	112	9.0	-813.0
3	113	0.0	-813.0
3	114	0.0	-813.0
3	115	-50.0	-863.0
3	116	-50.0	-913.0
3	117	0.0	-913.0
3	118	-50.0	-963.0
3	119	-50.0	-1013.0
3	120	0.0	-1013.0
3	121	0.0	-1013.0
3	122	-50.0	-1063.0
3	123	0.0	-1063.0
3	124	0.0	-1063.0
3	125	149.0	-914.0
3	126	0.0	-914.0
3	127	-50.0	-964.0
3	128	-50.0	-1014.0
3	129	-50.0	-1064.0
3	130	-50.0	-1114.0
3	131	-50.0	-1164.0
3	132	-50.0	-1214.0
3	133	-50.0	-1264.0
3	134	-50.0	-1314.0
3	135	0.0	-1314.0
3	136	0.0	-1314.0
3	137	0.0	-1314.0
3	138	0.0	-1314.0
3	139	9.0	-1305.0
3	140	18.0	-1287.0
3	141	0.0	-1287.0
3	142	-41.0	-1328.0
3	143	-50.0	-1378.0
3	144	0.0	-1378.0
3	145	0.0	-1378.0
3	146	0.0	-1378.0
3	147	0.0	-1378.0
3	148	0.0	-1378.0
3	149	-50.0	-1428.0
3	150	0.0	-1428.0
3	151	0.0	-1428.0
3	152	0.0	-1428.0
3	153	-41.0	-1469.0
3	154	-42.0	-1511.0
3	155	0.0	-1511.0
4	156	0.0	0.0
4	157	-41.0	-41.0
4	158	9.0	-32.0
4	159	-50.0	-82.0
4	160	-50.0	-132.0
4	161	-50.0	-182.0
4	162	0.0	-182.0
4	163	0.0	-182.0
4	164	0.0	-182.0
4	165	0.0	-182.0
4	166	0.0	-182.0
4	167	-41.0	-223.0
4	168	0.0	-223.0
4	169	-50.0	-273.0
4	170	-50.0	-323.0
4	171	-50.0	-373.0
4	172	0.0	-373.0
4	173	-50.0	-423.0
4	174	0.0	-423.0
4	175	0.0	-423.0
4	176	-50.0	-473.0
4	177	0.0	-473.0
4	178	-50.0	-523.0
4	179	-50.0	-573.0
4	180	0.0	-573.0
4	181	0.0	-573.0
4	182	9.0	-564.0
4	183	0.0	-564.0
4	184	9.0	-555.0
4	185	0.0	-555.0
4	186	-50.0	-605.0
4	187	0.0	-605.0
4	188	0.0	-605.0
4	189	-41.0	-646.0
4	190	0.0	-646.0
4	191	-50.0	-696.0
4	192	0.0	-696.0
4	193	0.0	-696.0
4	194	0.0	-696.0
4	195	9.0	-687.0
4	196	-50.0	-737.0
4	197	0.0	-737.0
4	198	-50.0	-787.0
4	199	0.0	-787.0
4	200	0.0	-787.0
4	201	0.0	-787.0
4	202	0.0	-787.0
4	203	-50.0	-837.0
4	204	0.0	-837.0
4	205	-50.0	-887.0
4	206	0.0	-887.0
4	207	0.0	-887.0
4	208	0.0	-887.0
4	209	0.0	-887.0
4	210	9.0	-878.0
4	211	-42.0	-920.0
4	212	0.0	-920.0
4	213	0.0	-920.0
4	214	-50.0	-970.0
4	215	9.0	-961.0
4	216	-50.0	-1011.0
4	217	0.0	-1011.0
4	218	0.0	-1011.0
4	219	-50.0	-1061.0
4	220	0.0	-1061.0
4	221	0.0	-1061.0
4	222	-50.0	-1111.0
4	223	0.0	-1111.0
4	224	0.0	-1111.0
4	225	0.0	-1111.0
4	226	0.0	-1111.0
4	227	-50.0	-1161.0
4	228	-50.0	-1211.0
4	229	0.0	-1211.0
4	230	0.0	-1211.0
4	231	-50.0	-1261.0
4	232	-50.0	-1311.0
4	233	-50.0	-1361.0
4	234	-50.0	-1411.0
4	235	-50.0	-1461.0
4	236	0.0	-1461.0
4	237	-50.0	-1511.0
4	238	-50.0	-1561.0
4	239	0.0	-1561.0
4	240	-50.0	-1611.0
4	241	-50.0	-1661.0
4	242	0.0	-1661.0
4	243	-50.0	-1711.0
4	244	-50.0	-1761.0
4	245	0.0	-1761.0
4	246	-50.0	-1811.0
4	247	-50.0	-1861.0
4	248	-50.0	-1911.0
4	249	-50.0	-1961.0
4	250	-50.0	-2011.0
4	251	0.0	-2011.0
4	252	0.0	-2011.0
4	253	0.0	-2011.0
4	254	-50.0	-2061.0
4	255	0.0	-2061.0
4	256	-50.0	-2111.0
4	257	9.0	-2102.0
4	258	0.0	-2102.0
4	259	-50.0	-2152.0
4	260	9.0	-2143.0
4	261	0.0	-2143.0
4	262	-41.0	-2184.0
4	263	16.0	-2168.0
4	264	0.0	-2168.0
4	265	9.0	-2159.0
4	266	0.0	-2159.0
4	267	9.0	-2150.0
4	268	0.0	-2150.0
4	269	0.0	-2150.0
4	270	9.0	-2141.0
4	271	-41.0	-2182.0
4	272	0.0	-2182.0
4	273	-50.0	-2232.0
4	274	-41.0	-2273.0
4	275	0.0	-2273.0
4	276	0.0	-2273.0
4	277	-50.0	-2323.0
4	278	0.0	-2323.0
4	279	0.0	-2323.0
4	280	0.0	-2323.0
4	281	0.0	-2323.0
4	282	0.0	-2323.0
4	283	-50.0	-2373.0
4	284	-50.0	-2423.0
4	285	0.0	-2423.0
4	286	0.0	-2423.0
4	287	0.0	-2423.0
4	288	-50.0	-2473.0
4	289	-50.0	-2523.0
4	290	0.0	-2523.0
4	291	0.0	-2523.0
4	292	0.0	-2523.0
4	293	-50.0	-2573.0
4	294	0.0	-2573.0
4	295	0.0	-2573.0
4	296	0.0	-2573.0
4	297	-50.0	-2623.0
4	298	-50.0	-2673.0
4	299	0.0	-2673.0
4	300	-50.0	-2723.0
4	301	0.0	-2723.0
4	302	-50.0	-2773.0
4	303	0.0	-2773.0
4	304	0.0	-2773.0
4	305	-41.0	-2814.0
4	306	9.0	-2805.0
4	307	0.0	-2805.0
4	308	9.0	-2796.0
4	309	0.0	-2796.0
4	310	0.0	-2796.0
4	311	0.0	-2796.0
4	312	9.0	-2787.0
4	313	-50.0	-2837.0
4	314	0.0	-2837.0
4	315	0.0	-2837.0
4	316	0.0	-2837.0
4	317	0.0	-2837.0
4	318	0.0	-2837.0
4	319	0.0	-2837.0
4	320	0.0	-2837.0
4	321	0.0	-2837.0
4	322	0.0	-2837.0
4	323	0.0	-2837.0
4	324	0.0	-2837.0
4	325	-50.0	-2887.0
4	326	-50.0	-2937.0
4	327	0.0	-2937.0
4	328	0.0	-2937.0
4	329	0.0	-2937.0
4	330	0.0	-2937.0
4	331	0.0	-2937.0
4	332	0.0	-2937.0
4	333	0.0	-2937.0
4	334	-50.0	-2987.0
4	335	0.0	-2987.0
4	336	0.0	-2987.0
4	337	0.0	-2987.0
4	338	0.0	-2987.0
4	339	-50.0	-3037.0
4	340	0.0	-3037.0
4	341	0.0	-3037.0
4	342	-50.0	-3087.0
4	343	-50.0	-3137.0
4	344	0.0	-3137.0
4	345	0.0	-3137.0
4	346	0.0	-3137.0
4	347	0.0	-3137.0
4	348	0.0	-3137.0
4	349	-50.0	-3187.0
4	350	0.0	-3187.0
4	351	0.0	-3187.0
4	352	0.0	-3187.0
4	353	0.0	-3187.0
4	354	0.0	-3187.0
4	355	0.0	-3187.0
4	356	-50.0	-3237.0
4	357	0.0	-3237.0
4	358	0.0	-3237.0
4	359	0.0	-3237.0
4	360	0.0	-3237.0
4	361	-50.0	-3287.0
4	362	0.0	-3287.0
4	363	-50.0	-3337.0
4	364	0.0	-3337.0
4	365	0.0	-3337.0
4	366	0.0	-3337.0
4	367	0.0	-3337.0
4	368	0.0	-3337.0
4	369	0.0	-3337.0
4	370	0.0	-3337.0
4	371	0.0	-3337.0
4	372	0.0	-3337.0
4	373	-50.0	-3387.0
4	374	0.0	-3387.0
4	375	-50.0	-3437.0
4	376	0.0	-3437.0
4	377	0.0	-3437.0
4	378	0.0	-3437.0
4	379	-50.0	-3487.0
4	380	0.0	-3487.0
4	381	0.0	-3487.0
4	382	-50.0	-3537.0
4	383	0.0	-3537.0
4	384	0.0	-3537.0
4	385	0.0	-3537.0
4	386	0.0	-3537.0
4	387	0.0	-3537.0
4	388	-50.0	-3587.0
4	389	-50.0	-3637.0
4	390	0.0	-3637.0
4	391	0.0	-3637.0
4	392	0.0	-3637.0
4	393	9.0	-3628.0
4	394	0.0	-3628.0
4	395	-50.0	-3678.0
4	396	0.0	-3678.0
4	397	0.0	-3678.0
4	398	-41.0	-3719.0
4	399	-50.0	-3769.0
4	400	0.0	-3769.0
4	401	0.0	-3769.0
4	402	-50.0	-3819.0
4	403	0.0	-3819.0
4	404	0.0	-3819.0
4	405	0.0	-3819.0
4	406	-50.0	-3869.0
4	407	0.0	-3869.0
4	408	0.0	-3869.0
4	409	0.0	-3869.0
4	410	0.0	-3869.0
4	411	-50.0	-3919.0
4	412	-50.0	-3969.0
4	413	0.0	-3969.0
4	414	-50.0	-4019.0
4	415	0.0	-4019.0
4	416	-50.0	-4069.0
4	417	0.0	-4069.0
4	418	0.0	-4069.0
4	419	0.0	-4069.0
4	420	0.0	-4069.0
4	421	-50.0	-4119.0
4	422	-50.0	-4169.0
4	423	0.0	-4169.0
4	424	0.0	-4169.0
4	425	0.0	-4169.0
4	426	0.0	-4169.0
4	427	0.0	-4169.0
4	428	-50.0	-4219.0
4	429	0.0	-4219.0
4	430	0.0	-4219.0
4	431	-45.0	-4264.0
4	432	-14.0	-4278.0
5	433	-14.0	-14.0
5	434	-50.0	-64.0
5	435	0.0	-64.0
5	436	0.0	-64.0
5	437	9.0	-55.0
5	438	9.0	-46.0
5	439	0.0	-46.0
5	440	-50.0	-96.0
5	441	-50.0	-146.0
5	442	0.0	-146.0
5	443	0.0	-146.0
5	444	-50.0	-196.0
5	445	0.0	-196.0
5	446	-50.0	-246.0
